1
1U
2
3
4
4U
6
7
8
9
10
11
12
13
15
16
17
18
19
20
21
22
23
24
25
26
27
28
29
30
31
32\4
32
33\4
33
34\2
34
35
36
37\8
37
38\7
38
39
40
41
42
43
44
45
47\9
47
48
49
50\3
50
51
53
54\0
54
55
55\3
55A
55C
57
58
59
63
64
65
66A
66C
67
68
70
71
72
76
77
78
79
80
81
82
90
91
92
93
94
95X
95
96
97
98
99
100
104
106
107
111
118
130
131
132
133
134
135
136
137
138
139
140
141
142
143
144
145
151
153
155
156
158
159
168
1688 Strange outlier
169
171
173
175
176
178
179
180
181
182
183
184
185
186
187
188
189
190
191
192
194
195
195/6
195/6
196
197
200
201
202
203
204
205
206
207
208
209
222
224
225
226
227
228
229
230
231
235
236
238
243
244
245
246
247
248
249
251
252
253
254
255
256
257
258
260
261
262
263
265
267
268
269
270
271
272
273
274
275
276
277
278
279
280
281
282
283
284
285
286
287
288
290
292
293
294
295
297
300
301
302
303
305
308
309
310
311
313
314
316
317
318
320
322
323
324
325
326
327
333
334
339
341
342
343
345
348
349
350
352
352
353
355
360
361
363
370
372
373
374
376
377
378
380
381
382
386
387
389
391
392
393
394
395
396
397
399
400
401
402
403
406
407
408
410
412
413
415
418
422
423
425
426
428
430
431
433
436
438
439
440
441
442
443
444
445
446
448
450
452
453
455
458
459
460
461
462
463
464
466
470
473
476
477
478
479
480
483
487
490
491
492
493
495
500
501
502
504
505
506
507
508
510
513
515
518
520
521
523
524
525
526
533
534
536
5364 Another strange outlier
538
540
541
543
544
545
546
547
549
550
551
552
553
555
556
558
560
562
565
565U
571
572
573
575
576
576T
577
577P
579
582
586
587
5878
588
589
592
594
594H
595
596
597
598
599
600
601
602X
603
604
606
607x
608
609
610
610X
611
612X
613X
614X
615X
616X
617X
618
619
620
620N
620X
621
622
625
626
627
628
630
631
632
633
635
637
638
639
640
641
642
642X
644
650
650X
651
652X
653
661
662
663
664
668
669
673
674
675A
675C
676
677
678
680
682
685
685H
686
686G
690C
690H
690K
690P
691
692B
692H
692W
692Y
693
694
695
696
697
698
698V
700
702
705
708
711
714
715
718
721
722
7224 Third strange outlier
723
724
725
726
727
7379	Fouth strange outlier...
737
738
739
7397
739V
740
743
744
745
746
750
751
752
753
754
755
756
757
758
759
761
770
771
774
775
776
778
779
780
781
782
783
784
785
786
789
791
793
794
795
797
799
800
801
802
803
804
805
806
807
808
809
810
810X
811
811X
812
813
814
815
816
817
818
819
820
821
822
823
829
835
850
851
852
853
854
855
856
857
864
865
866
867
870
871
872
873
874
875
876
878
879
880
881
882
883
883K
884
884W
885
886
887
888
889
890
890C
891
892
893
894
894X
895
896
898
899
900
901
902
902X
903
904
905
906
907
908
909
911
913
914
916
922
923
924
925
926
927
939
940
941
942
943
944
945
946
947
953
954
955
958
959
961
962
963
965
967
968
969
970
971
972
973
974
975
076
977
978
986
987
988
991
992
993
996
998
E32
E35
E36
E41
E50
E65
E66
E68
E69
E70
E71
E76
E77
E78
E79
E83
E84
E85
E86
E87
E88
E89
L09
L23
L24
L28
L37
L38
L39
L60
L70
L78
L80
L84
L85
L87
L88
L90
L94
M10
M20
M30
M40
M41
M50
M52
M53
M60
M61
M90
M91
M92
N10
N11
N20
N30
N40
N50
N60
N61
N70
N71
N80
N90
N100
S1
S2
S3
S4
S5
S7
S8
S9
S10
S11
S12
S13
S14
S17
T60
T61
T62
T63
T64
T65
T66
T70
T71
T72
T74
T75
T80
WPSB
X00
X03
X04
X06
X09
X10
X15
X18
X39
X40
X73
X74
X77
X84
X89
X92
X94
X96
X97
X99